%YAML:1.0
names:
   - chemlab_table
chemlab_table:
   type: Table 
   width:  16.5000000000000e-01
   height: 7.999999999999997e-02
   depth: 7.99999999999997e-01
   transform: !!opencv-matrix
      rows: 4
      cols: 4
      dt: d
      data: [ 1., 0., 0., 1.32699999999999999e+00, 0., 1., 0.,
          1.6800000000000000e+00, 0., 0., 1., 0.72e-00,
          0., 0., 0., 1. ]
